1736431010701 0.0018104237969964743 0
1736431011956 0.0018006422324106097 1
1736431013238 0.0019408774096518755 2
1736431014484 0.001930711674503982 3
1736431015613 0.001803118851967156 4
1736431016722 0.001732389908283949 5
1736431017954 0.001601794152520597 6
1736431019094 0.0015966519713401794 7
1736431020235 0.0016082767397165298 8
1736431021390 0.0015509157674387097 9
1736431022521 0.0015314348274841905 10
1736431023655 0.0015316815115511417 11
1736431024878 0.00149010110180825 12
1736431026074 0.0014916096115484834 13
1736431027247 0.00144623511005193 14
1736431028407 0.0014054644852876663 15
1736431029607 0.001382110291160643 16
1736431030731 0.0013581818202510476 17
1736431032031 0.0013934472808614373 18
1736431033329 0.0013746479526162148 19
1736431034649 0.0014337748289108276 20
1736431035793 0.0013877099845558405 21
1736431036945 0.001340411719866097 22
1736431038016 0.0012851839419454336 23
1736431039217 0.0013013160787522793 24
1736431040372 0.0015706534031778574 25
1736431041470 0.0015757175860926509 26
1736431042684 0.0015724467812106013 27
1736431043911 0.0014103889698162675 28
1736431044987 0.0012797513045370579 29
1736431046039 0.0012154753785580397 30
1736431047102 0.001173306372947991 31
1736431048169 0.0011466193245723844 32
1736431049369 0.0011761212954297662 33
1736431050534 0.0012011508224532008 34
1736431051744 0.0011544824810698628 35
1736431052848 0.0011206725612282753 36
1736431054013 0.001118374289944768 37
1736431055139 0.0011566567700356245 38
1736431056340 0.0012046818155795336 39
1736431057523 0.0011692192638292909 40
1736431058655 0.001103144371882081 41
1736431059751 0.0010727631160989404 42
1736431061049 0.00105074024759233 43
1736431062116 0.001057712361216545 44
1736431063502 0.001055050641298294 45
1736431064767 0.0010834982385858893 46
1736431066004 0.001043604570440948 47
1736431067273 0.0010451808338984847 48
1736431068813 0.0010576219065114856 49
1736431070161 0.0010200433898717165 50
1736431071497 0.0010901364730671048 51
1736431072855 0.001497934339568019 52
1736431074211 0.0017531996127218008 53
1736431075581 0.0020985279697924852 54
1736431077158 0.001924320706166327 55
1736431078662 0.0016433580312877893 56
1736431080162 0.0014494695933535695 57
1736431081677 0.001308324048295617 58
1736431083371 0.0012261639349162579 59
