1736431010701 0.024753494188189507 0
1736431011956 0.024804553017020226 1
1736431013238 0.027002695947885513 2
1736431014484 0.026572711765766144 3
1736431015613 0.025092022493481636 4
1736431016722 0.024219976738095284 5
1736431017954 0.022531533613801003 6
1736431019094 0.02252337709069252 7
1736431020235 0.02316324971616268 8
1736431021390 0.022469516843557358 9
1736431022521 0.021912747994065285 10
1736431023655 0.022184202447533607 11
1736431024878 0.02228352427482605 12
1736431026074 0.022346464917063713 13
1736431027247 0.02164851687848568 14
1736431028407 0.021069882437586784 15
1736431029607 0.020536409690976143 16
1736431030731 0.020016871392726898 17
1736431032031 0.020901137962937355 18
1736431033329 0.02084382250905037 19
1736431034649 0.021662211045622826 20
1736431035793 0.02150792069733143 21
1736431036945 0.02005518600344658 22
1736431038016 0.019445406273007393 23
1736431039217 0.02000008150935173 24
1736431040372 0.022789660841226578 25
1736431041470 0.02323477901518345 26
1736431042684 0.02332468517124653 27
1736431043911 0.022637709975242615 28
1736431044987 0.019875267520546913 29
1736431046039 0.018917884677648544 30
1736431047102 0.018000051379203796 31
1736431048169 0.017333559691905975 32
1736431049369 0.018366454169154167 33
1736431050534 0.018718266859650612 34
1736431051744 0.017964903265237808 35
1736431052848 0.017277343198657036 36
1736431054013 0.0171664971858263 37
1736431055139 0.017989588901400566 38
1736431056340 0.018283475190401077 39
1736431057523 0.01869817078113556 40
1736431058655 0.017419032752513885 41
1736431059751 0.01658746413886547 42
1736431061049 0.016116511076688766 43
1736431062116 0.016496917232871056 44
1736431063502 0.016582509502768517 45
1736431064767 0.017108580097556114 46
1736431066004 0.016546102240681648 47
1736431067273 0.016635026782751083 48
1736431068813 0.01680714637041092 49
1736431070161 0.0162445530295372 50
1736431071497 0.017710616812109947 51
1736431072855 0.022169005125761032 52
1736431074211 0.025745268911123276 53
1736431075581 0.029326776042580605 54
1736431077158 0.027285778895020485 55
1736431078662 0.023468980565667152 56
1736431080162 0.02232648804783821 57
1736431081677 0.020789312198758125 58
1736431083371 0.019344450905919075 59
