1736515101827 0.6369232535362244 0
1736515102388 0.07376939058303833 1
1736515102904 0.04599248990416527 2
1736515103392 0.03463847562670708 3
1736515103986 0.02848855033516884 4
1736515104552 0.024459687992930412 5
1736515105109 0.02116556279361248 6
1736515105780 0.018487434834241867 7
1736515106359 0.01605965755879879 8
1736515106873 0.014429069124162197 9
1736515107456 0.013181837275624275 10
1736515107940 0.012195556424558163 11
1736515108397 0.011335143819451332 12
1736515109039 0.010902843438088894 13
1736515109601 0.010314137674868107 14
1736515110132 0.00967578124254942 15
1736515110684 0.00899871438741684 16
1736515111185 0.008361225947737694 17
1736515111669 0.007776074577122927 18
1736515112195 0.007365589030086994 19
1736515112668 0.006975403521209955 20
1736515113148 0.006921418476849794 21
1736515113635 0.006556530948728323 22
1736515114142 0.006254796404391527 23
1736515114677 0.006297231186181307 24
1736515115181 0.006450227461755276 25
1736515115699 0.006082157138735056 26
1736515116217 0.005747387185692787 27
1736515116720 0.005231425166130066 28
1736515117239 0.005045232828706503 29
1736515117814 0.004799454938620329 30
1736515118352 0.004580982960760593 31
1736515118895 0.004431818146258593 32
1736515119447 0.004284068942070007 33
1736515119981 0.004173964727669954 34
1736515120538 0.004078100901097059 35
1736515121080 0.004074422176927328 36
1736515121581 0.00393779156729579 37
1736515122151 0.0038692078087478876 38
1736515122728 0.003768748603761196 39
1736515123254 0.0037129505071789026 40
1736515123788 0.003601330565288663 41
1736515124289 0.0035418584011495113 42
1736515124801 0.0034682112745940685 43
1736515125308 0.0034504064824432135 44
1736515125818 0.003407597541809082 45
1736515126389 0.003654477884992957 46
1736515127005 0.0034913455601781607 47
1736515127598 0.0034622992388904095 48
1736515128178 0.003334680339321494 49
1736515128721 0.003255510004237294 50
1736515129303 0.003325231373310089 51
1736515129871 0.0033839719835668802 52
1736515130417 0.0036120989825576544 53
1736515131056 0.0033194662537425756 54
1736515132307 0.0030915257520973682 55
1736515132897 0.002930940594524145 56
1736515133445 0.0028110891580581665 57
1736515134022 0.0027475033421069384 58
1736515134688 0.002724458696320653 59
1736515135267 0.002741663483902812 60
1736515135886 0.002668737666681409 61
1736515136519 0.002609104383736849 62
1736515137239 0.0025433218106627464 63
1736515137800 0.002629738999530673 64
1736515138407 0.002527346136048436 65
1736515138997 0.002452316926792264 66
1736515139610 0.002405333099886775 67
1736515140377 0.002375689335167408 68
1736515140980 0.0023337313905358315 69
