1736515101827 0.4672011137008667 0
1736515102388 0.16760946810245514 1
1736515102904 0.13020102679729462 2
1736515103392 0.11393176764249802 3
1736515103986 0.09656146168708801 4
1736515104552 0.09295033663511276 5
1736515105109 0.08535152673721313 6
1736515105780 0.07944265007972717 7
1736515106359 0.07552486658096313 8
1736515106873 0.07342765480279922 9
1736515107456 0.07185503095388412 10
1736515107940 0.06997034698724747 11
1736515108397 0.06744440644979477 12
1736515109039 0.06534060835838318 13
1736515109601 0.0637667328119278 14
1736515110132 0.06159308925271034 15
1736515110684 0.05978331342339516 16
1736515111185 0.05756938457489014 17
1736515111669 0.055507466197013855 18
1736515112195 0.054166629910469055 19
1736515112668 0.052825815975666046 20
1736515113148 0.05254518240690231 21
1736515113635 0.05117302015423775 22
1736515114142 0.04999052360653877 23
1736515114677 0.04950999841094017 24
1736515115181 0.05004195496439934 25
1736515115699 0.048479437828063965 26
1736515116217 0.04725931957364082 27
1736515116720 0.045041754841804504 28
1736515117239 0.04399313032627106 29
1736515117814 0.04286909103393555 30
1736515118352 0.04159996658563614 31
1736515118895 0.04091990739107132 32
1736515119447 0.03999566286802292 33
1736515119981 0.03937318176031113 34
1736515120538 0.03889673203229904 35
1736515121080 0.03905351087450981 36
1736515121581 0.03811579942703247 37
1736515122151 0.03775596246123314 38
1736515122728 0.03710439056158066 39
1736515123254 0.037034694105386734 40
1736515123788 0.03610469028353691 41
1736515124289 0.0358855240046978 42
1736515124801 0.03549077361822128 43
1736515125308 0.03558405116200447 44
1736515125818 0.035178590565919876 45
1736515126389 0.037559617310762405 46
1736515127005 0.03635457903146744 47
1736515127598 0.036163099110126495 48
1736515128178 0.03532393276691437 49
1736515128721 0.03483285382390022 50
1736515129303 0.035518646240234375 51
1736515129871 0.03605463355779648 52
1736515130417 0.03710898011922836 53
1736515131056 0.03545606508851051 54
1736515132307 0.03398788347840309 55
1736515132897 0.0326768159866333 56
1736515133445 0.031475044786930084 57
1736515134022 0.031109774485230446 58
1736515134688 0.030974648892879486 59
1736515135267 0.03142914921045303 60
1736515135886 0.030944278463721275 61
1736515136519 0.030339118093252182 62
1736515137239 0.029574494808912277 63
1736515137800 0.030671976506710052 64
1736515138407 0.02985677309334278 65
1736515138997 0.029353035613894463 66
1736515139610 0.028720451518893242 67
1736515140377 0.02851669304072857 68
1736515140980 0.02823006920516491 69
